test_frame网络效果
precision=38.04459691239093
recall=99.99999999909829
accuracy=64.30830039512982

test_frame网络效果
precision=38.04459691239093
recall=99.99999999909829
accuracy=64.30830039512982

